0.10274
0.10261
0.102732
0.102571
0.102681
0.102559
0.102559
0.102559
0.102559
0.102681
0.102559
0.102559
0.102559
0.102559
0.102559
0.102552
0.102552
0.102552
0.102552
0.102552
0.102552
0.102552
0.102552
0.102552
0.102552
0.102552
0.102552
0.102556
0.102556
0.102556
0.102556
0.102556
0.102556
0.102548
0.102548
0.102669
0.102548
0.102548
0.102548
0.102548
0.102669
0.102552
0.102552
0.102552
0.102552
0.102552
0.102552
0.102552
0.102552
0.102552
0.102552
0.102544
0.102665
0.102544
0.10254
0.10254
0.10254
0.10254
0.102544
0.102544
0.102544
0.102544
0.102544
0.102544
0.102544
0.102544
0.102544
0.102544
0.102536
0.102536
0.102536
0.102528
0.102528
0.102528
0.102528
0.102528
0.102528
0.102528
0.102528
0.102528
0.102528
0.102528
0.102528
0.102528
0.102528
0.102528
0.102528
0.102528
0.10265
0.10252
0.102642
0.102642
0.10252
0.102642
0.102642
0.102642
0.102642
0.10252
0.102642
0.10252
0.10252
0.102642
0.10252
0.10252
0.102642
0.102642
0.102634
0.102634
0.10263
0.10263
0.10263
0.10263
0.10263
0.10263
0.10263
0.10263
0.10263
0.10263
0.10263
0.10263
0.10263
0.102752
0.102752
0.102618
0.102618
0.102618
0.102618
0.102618
0.102618
0.102618
0.102618
0.102618
0.102618
0.102618
0.102618
0.102618
0.102618
0.102618
0.10274
0.102618
0.102618
0.10261
0.10261
0.102732
0.10261
0.102732
0.10261
0.102732
0.10261
0.102732
0.10261
0.102732
0.10261
0.10261
0.10261
0.10261
0.102732
0.10261
0.102732
0.10261
0.102732
0.10261
0.102607
0.102607
0.102607
0.102607
0.102607
0.102607
0.102607
0.102607
0.102607
0.102607
0.102607
0.102607
0.102607
0.102607
0.102607
0.10272
0.102599
0.102599
0.103351
0.102599
0.102599
0.102599
0.102599
0.102599
0.102599
0.102599
0.102599
0.102599
0.102599
0.102599
0.102599
0.102599
0.102599
0.102599
0.102712
0.102591
0.102591
0.102591
0.102712
0.102712
0.102591
0.102591
0.102591
0.102591
0.102591
0.102712
0.102591
0.102591
