83.4
91.7
100
90.9
100
90.9
90.9
100
90
90
100
90
90
90
45.5
100
91.7
100
90
90
90.9
100
90.9
90
90
90.9
90
100
90
100
81.8
41.7
100
90.9
81.8
88.9
90.9
100
90.9
100
90.9
90
90
100
90.9
100
90
90.9
88.9
100
100
100
90.9
81.8
90
90.9
100
90
100
90
100
90.9
100
90.9
90.9
100
90
90.9
90.9
90
100
90
100
90.9
81.8
100
90
90.9
100
81.8
83.3
100
100
90
81.8
100
90
100
90
90
90
100
90
90
90.9
100
90
90
100
90.9
90.9
91.6
91.6
90
90
10
90.9
90
90
90
90
100
100
100
90.9
90
90
91.6
100
90.9
90.9
90.9
90.9
100
100
90.9
90.9
90
100
81.8
90
83.3
100
81.8
100
90.9
90.9
100
90
90
91.7
90.9
90.9
100
90
90
100
100
100
90.9
