0.120192
0.120192
0.120192
0.120071
0.120192
0.120067
0.120067
0.120067
0.120067
0.120067
0.120067
0.120067
0.120067
0.120067
0.120067
0.120067
0.120067
0.120067
0.120067
0.120067
0.120059
0.119938
0.120059
0.120059
0.120063
0.120063
0.120063
0.120063
0.120063
0.119942
0.120063
0.120063
0.120063
0.120063
0.120063
0.119942
0.119942
0.119942
0.120055
0.120055
0.120055
0.120055
0.120055
0.120055
0.119934
0.120055
0.119934
0.120055
0.120055
0.120055
0.120055
0.120055
0.120055
0.120059
0.120059
0.120059
0.120055
0.120055
0.120055
0.120055
0.120169
0.120047
0.120169
0.120169
0.120047
0.120047
0.120047
0.120051
0.120051
0.120051
0.120051
0.120051
0.120051
0.120051
0.120051
0.120051
0.120051
0.120051
0.120043
0.120165
0.120043
0.120043
0.120043
0.120043
0.120043
0.120165
0.120043
0.120043
0.120043
0.120043
0.120043
0.120043
0.120043
0.120043
0.120043
0.120043
0.120043
0.120036
0.120036
0.120036
0.120036
0.120036
0.120036
0.120036
0.120036
0.120036
0.120036
0.120036
0.120036
0.120036
0.120036
0.120032
0.120032
0.120032
0.120032
0.120024
0.120024
0.120024
0.120024
0.120024
0.120024
0.120024
0.120016
0.120016
0.120016
0.120016
0.120016
0.120016
0.120016
0.12013
0.12013
0.121102
0.12013
0.120122
0.125469
0.120122
0.120122
0.12
0.120122
0.120122
0.120122
0.120122
0.120122
0.120122
0.120122
0.120122
0.120122
0.120122
0.120122
0.120122
0.120122
0.120122
0.12
0.12
0.12
0.119996
0.119996
0.119996
0.119996
0.119996
0.120118
0.119996
0.120114
0.119992
0.120114
0.120114
0.120114
0.119992
0.120114
0.120114
0.12
0.120122
0.12
0.120114
0.119992
0.119992
0.119992
0.119992
0.120114
0.119992
0.119992
0.119992
0.119992
0.120114
0.120114
0.120114
0.119992
0.119992
0.119992
0.120114
0.119992
0.119992
0.120106
0.120106
0.120106
0.120106
0.119985
0.119985
0.119985
0.119985
0.120106
0.120106
0.120737
0.120106
0.120106
0.120106
0.120106
0.120106
0.120106
0.120106
0.120098
0.120098
0.120098
0.120098
0.120098
0.120098
0.120098
0.120094
0.120094
0.120094
0.120094
