30
36.4
30
30
25
30
27.3
27.3
36.4
0
30
50
36.4
0
30
0
44.4
21.4
20
36.4
0
27.3
20
30
27.3
60
30
27.3
30
22.2
27.3
36.4
18.2
25
20
30
30
50
27.3
22.2
36.4
27.3
30
27.3
27.3
0
20
33.3
30
27.3
27.3
25
0
30
30
20
36.4
30
33.3
27.3
25
36.4
22.2
27.3
27.3
30
30
27.3
30.8
40
45.5
27.3
63.6
27.3
58.3
30
36.4
27.3
22.2
33.3
0
40
27.3
36.4
30
40
27.3
0
30
30
40
27.3
20
27.3
40
27.3
25
0
30
27.3
40
30
27.3
30
0
40
33.3
27.3
27.3
0
9.1
33.3
27.3
27.3
30
33.3
27.3
25
27.3
27.3
27.3
30
37.5
36.4
41.7
33.3
27.3
18.2
27.3
36.4
36.4
0
30
27.3
16.7
25
33.3
36.4
30
0
27.3
0
36.4
36.4
36.4
33.3
25
0
33.3
27.3
27.3
30
30
33.3
36.4
30
40
27.3
25
40
27.3
25
0
30
30
33.3
40
30
0
30
40
0
60
0
18.2
0
0
30.8
0
0
20
36.4
27.3
36.4
33.3
36.4
33.3
25
27.3
27.3
20
27.3
25
27.3
20
27.3
40
30
27.3
30
27.3
8.3
30
27.3
22.2
36.4
36.4
30
41.7
10
