27.3
27.3
40
27.3
30
36.4
0
27.3
36.4
45.5
0
16.7
33.3
20
33.3
9.1
70
36.4
40
33.3
60
36.4
9.1
41.7
33.3
36.4
36.4
30
33.3
30
27.3
30
30
20
66.7
25
30
30
27.3
27.3
27.3
30
44.4
30
25
27.3
30
30
22.2
33.3
0
30
27.3
30
45.5
36.4
45.5
54.5
20
33.3
30
0
30
27.3
30
36.4
0
0
40
27.3
27.3
30
30
30
22.2
30.8
0
36.4
30
27.3
44.4
27.3
27.3
16.7
27.3
20
30
20
20
0
20
30
27.3
25
27.3
27.3
30
27.3
27.3
27.3
16.7
18.2
25
27.3
20
30
33.3
27.3
18.2
40
30
25
20
33.3
40
33.3
30
36.4
22.2
33.3
25
30
27.3
0
27.3
33.3
36.4
20
27.3
25
20
27.3
30
33.3
33.3
33.3
0
0
0
36.4
33.3
40
36.4
30
9.1
40
27.3
27.3
33.3
30
27.3
30
30
27.3
25
30
36.4
30
36.4
50
27.3
50
30
25
25
33.3
30
45.5
30
63.6
40
10
8.3
30
22.2
0
27.3
27.3
30
30
27.3
40
36.4
50
40
27.3
30.8
27.3
27.3
0
27.3
27.3
27.3
27.3
16.7
0
27.3
40
36.4
50
33.3
30
0
27.3
30
36.4
33.3
33.3
36.4
55.6
27.3
50
27.3
