30
50
30
50
30
60
30
30
30
20
27.3
27.3
36.4
30
25
27.3
30
25
27.3
25
27.3
30
30
36.4
27.3
27.3
30
30
27.3
30
30
10
27.3
36.4
23.1
40
25
30
23.1
30
27.3
30
27.3
27.3
36.4
25
22.2
30
33.3
27.3
30
25
27.3
30
30
22.2
30
27.3
30
25
33.3
40
27.3
30
30
18.2
0
22.2
25
30
0
30
33.3
20
22.2
33.3
27.3
33.3
27.3
27.3
36.4
30
30
27.3
30
27.3
40
25
36.4
27.3
0
27.3
44.4
23.1
27.3
30
30
33.3
27.3
27.3
30
16.7
30
22.2
27.3
40
27.3
33.3
40
33.3
36.4
18.2
27.3
30
33.3
27.3
30
27.3
33.3
27.3
30
36.4
33.3
25
27.3
33.3
36.4
20
25
18.2
25
33.3
20
30
30
33.3
10
30
30
33.3
27.3
30
27.3
27.3
27.3
36.4
36.4
36.4
36.4
27.3
40
30
36.4
27.3
27.3
18.2
36.4
0
30
30
30
0
45.5
33.3
25
20
25
36.4
25
22.2
27.3
0
30
36.4
0
27.3
27.3
30
30
30
25
44.4
30
20
18.2
18.2
40
20
27.3
27.3
33.3
33.3
36.4
27.3
40
30.8
27.3
20
27.3
40
20
33.3
25
33.3
40
30
0
33.3
45.5
27.3
50
33.3
