0
30
30
33.3
27.3
30
33.3
33.3
25
25
30
18.2
30
30
45.5
50
30
30
30
25
22.2
18.2
30
18.2
30
41.7
44.4
0
25
0
25
27.3
30
25
30
27.3
27.3
30
27.3
38.5
33.3
27.3
0
27.3
27.3
18.2
18.2
20
25
27.3
27.3
41.7
50
50
30.8
27.3
30
30
27.3
18.2
27.3
22.2
30
30
0
20
27.3
60
23.1
20
33.3
27.3
30
27.3
30
27.3
30
30
30
20
30
18.2
45.5
25
8.3
36.4
27.3
30
20
23.1
30
25
18.2
27.3
27.3
9.1
30
0
27.3
18.2
25
25
27.3
22.2
27.3
0
22.2
30
20
27.3
30
0
30
27.3
27.3
27.3
11.1
30
18.2
27.3
27.3
18.2
0
50
30
27.3
27.3
27.3
27.3
25
27.3
30
30
20
18.2
23.1
36.4
30
27.3
30
25
20
30
25
25
9.1
0
30
22.2
23.1
30
11.1
27.3
0
25
18.2
36.4
22.2
25
30
0
30
30
27.3
20
44.4
27.3
23.1
30
23.1
27.3
27.3
25
27.3
22.2
0
25
27.3
25
27.3
45.5
25
25
27.3
0
27.3
16.7
27.3
27.3
20
30
20
50
54.5
40
30.8
30
0
30
23.1
22.2
36.4
22.2
18.2
22.2
30
30
25
33.3
30
22.2
