60
60
60
55.5
72.7
60
63.6
63.7
66.7
60
55.5
63.7
63.7
66.6
70
72.7
60
66.6
70
63.7
70
80
60
60
63.7
70
66.6
66.7
72.7
77.8
63.7
60
50
62.5
70
72.7
66.7
60
66.7
72.7
72.8
63.6
72.7
16.7
70
70
63.6
30
70
77.8
70
63.7
66.6
72.8
70
72.7
75
70
63.7
70
63.7
66.7
70
70
66.6
70
70
63.7
70
70
70
70
63.7
60
63.7
72.8
50
45.5
63.6
77.8
58.4
45.5
72.7
72.7
66.7
60
60
60
72.7
63.7
63.7
70
70
60
70
66.6
55.5
70
55.5
55.6
66.7
58.3
63.7
63.7
60
63.6
55.5
60
60
60
63.7
72.8
60
63.7
60
70
60
60
63.6
66.7
60
66.7
60
70
75
70
70
70
66.7
60
60
60
55.5
63.7
70
66.6
55.5
55.6
60
66.7
63.7
63.6
55.6
77.8
58.4
60
60
70
66.6
60
54.6
66.7
70
63.7
60
60
70
50
70
55.5
66.7
70
72.7
66.6
70
66.7
55.5
63.7
60
66.6
66.7
70
70
63.7
72.7
60
60
60
60
66.7
63.7
62.5
54.6
54.6
63.7
60
60
50
70
60
60
60
60
60
70
66.6
60
66.7
66.6
54.6
60
54.6
55.5
60
63.7
54.6
60
60
54.6
60
55.5
55.5
70
66.7
54.6
62.5
58.3
63.7
63.7
70
60
66.7
