0
0
8.3
0
0
9.1
0
0
0
0
9.1
0
8.3
9.1
0
0
0
9.1
0
9.1
0
0
0
0
9.1
9.1
0
9.1
0
0
0
9.1
8.3
9.1
9.1
8.3
9.1
8.3
8.3
0
0
0
0
8.3
9.1
9.1
0
0
9.1
9.1
9.1
0
9.1
0
9.1
0
0
0
0
9.1
0
0
0
0
0
0
0
9.1
0
0
9.1
8.3
0
8.3
7.7
0
9.1
9.1
9.1
0
0
8.3
0
0
9.1
0
0
9.1
8.3
0
9.1
8.3
0
9.1
0
0
0
0
0
9.1
0
9.1
0
8.3
0
9.1
0
0
9.1
9.1
9.1
9.1
9.1
9.1
0
8.3
0
8.3
0
9.1
0
9.1
9.1
0
7.7
8.3
0
8.3
0
0
0
9.1
9.1
9.1
8.3
8.3
0
0
9.1
0
0
9.1
9.1
9.1
9.1
0
9.1
0
0
0
9.1
9.1
9.1
8.3
0
9.1
0
0
9.1
0
0
0
0
9.1
0
0
0
0
0
0
0
0
8.3
0
0
0
0
8.3
0
0
9.1
0
0
0
9.1
9.1
0
0
9.1
9.1
0
0
0
0
9.1
9.1
0
9.1
9.1
0
0
9.1
0
0
9.1
0
9.1
0
0
0
8.3
8.3
8.3
9.1
9.1
0
0
