100
81.8
27.3
100
90
90
100
100
100
75
90
90.9
90
81.8
88.9
83.3
90
90.9
90
90.9
100
90.9
90
100
90
100
90.9
100
100
90.9
90
100
83.3
100
90.9
100
90.9
90.9
81.8
81.8
100
100
90
100
88.9
90
45.5
90
100
84.6
100
90
100
90.9
81.8
80
75
66.7
90.9
81.8
77.8
60
90.9
90.9
71.4
80
90.9
90
100
100
100
83.3
60
72.7
25
16.7
18.2
10
60
16.7
72.8
70
70
66.7
72.7
75
80
100
81.8
81.8
100
90.9
84.6
100
81.8
100
90.9
90
100
90.9
100
100
100
72.7
80
100
90.9
90.9
100
72.7
90
90
75
100
100
83.3
90
100
90
100
90.9
83.3
100
100
90.9
81.8
100
100
91.7
90.9
90
100
90
100
100
81.8
90.9
80
90
100
90.9
80
90.9
100
81.8
80
100
100
100
90.9
100
90.9
90.9
90.9
100
90.9
81.8
90.9
90
100
100
90.9
90.9
83.3
100
100
100
100
100
90
83.3
90.9
100
80
91
90
90
100
100
90.9
90.9
100
90
90.9
100
100
100
90.9
100
100
100
90.9
100
90
80
100
100
90.9
100
100
100
90.9
92.3
91.7
100
80
100
90
100
90
